start=97.066667
volume=50.000000
